Datenlieferung Zalf e.V.
Vorhersage der Verdunstung nach Turc/Wendling
Erstellung am Montag, den 03.02.2014, 10:00 Uhr GZ 

** Bei Rückfragen (034297/989-275) bitte Produktbezeichnung angeben:
** FYDL60 DWLA 031000

Kennung/                    10162                     10264                     10267                     10270                     10361                     10368                     10376                     10393                     10466                     10469                     10480                     10490                     10499                      B488                      F143                      F419                      F431                      F475                      F707                      F742                      F951                      N398                      N652
           RR-S  VP-T    GS    TM   RR-S  VP-T     GS    TM   RR-S  VP-T     GS    TM   RR-S  VP-T     GS    TM   RR-S  VP-T     GS    TM   RR-S  VP-T     GS    TM   RR-S  VP-T     GS    TM   RR-S  VP-T     GS    TM   RR-S  VP-T     GS    TM   RR-S  VP-T     GS    TM   RR-S  VP-T     GS    TM   RR-S  VP-T     GS    TM   RR-S  VP-T     GS    TM   RR-S  VP-T     GS    TM   RR-S  VP-T     GS    TM   RR-S  VP-T     GS    TM   RR-S  VP-T     GS    TM   RR-S  VP-T     GS    TM   RR-S  VP-T     GS    TM   RR-S  VP-T     GS    TM   RR-S  VP-T     GS    TM   RR-S  VP-T     GS    TM   RR-S  VP-T     GS    TM
Datum
03022014   0,0   0,4  270,0   0,0    0,0   0,4  240,0   0,0    0,0   0,4  270,0   0,4    0,0   0,4  250,0   0,6    0,0   0,5  340,0  -0,6    0,0   0,5  330,0  -0,3    0,1   0,6  370,0   1,6    0,3   0,5  330,0   0,9    0,0   0,6  390,0   0,5    0,0   0,6  430,0   0,8    0,2   0,7  460,0   1,0    0,0   0,7  440,0   1,1    0,7   0,8  550,0   0,7    0,1   0,4  200,0   0,2    0,0   0,4  220,0   0,3    0,0   0,5  320,0   0,2    0,1   0,5  300,0   0,5    0,4   0,5  270,0   1,1    0,1   0,5  340,0   0,7    0,1   0,6  400,0   1,8    1,0   0,7  460,0   1,1    0,0   0,5  330,0  -0,4    0,0   0,6  370,0   0,2
04022014   0,0   0,5  320,0   0,2    0,0   0,6  460,0  -0,5    0,0   0,7  500,0  -0,8    0,0   0,7  500,0  -1,0    0,0   0,7  470,0   0,2    0,0   0,8  550,0  -0,2    0,0   0,8  550,0  -0,5    0,0   0,7  550,0  -1,3    0,0   0,8  520,0   1,2    0,0   0,8  540,0   0,9    0,0   0,8  580,0   0,6    0,0   0,8  570,0  -1,2    0,0   0,8  600,0  -0,1    0,0   0,6  460,0  -1,2    0,0   0,7  500,0  -1,0    0,0   0,7  510,0  -0,1    0,0   0,7  510,0  -0,7    0,0   0,7  550,0  -1,0    0,0   0,8  560,0  -0,8    0,0   0,8  560,0  -0,7    0,0   0,8  580,0  -1,3    0,0   0,7  530,0   0,0    0,0   0,8  540,0   1,3
05022014   0,0   0,9  560,0   2,8    0,0   0,9  570,0   2,1    0,0   0,9  580,0   1,7    0,0   0,9  600,0   1,8    0,0   0,9  600,0   2,7    0,0   0,9  630,0   1,8    0,0   0,9  630,0   1,7    0,0   0,9  630,0   1,2    0,0   1,0  630,0   3,1    0,0   0,9  630,0   2,7    0,0   1,0  660,0   2,2    0,0   0,9  640,0   1,6    0,0   1,0  660,0   1,8    0,0   0,8  540,0   1,4    0,0   0,8  570,0   2,0    0,0   0,9  610,0   2,7    0,0   0,9  600,0   2,1    0,0   0,9  600,0   0,8    0,0   0,9  630,0   1,3    0,0   0,9  640,0   1,2    0,0   0,9  650,0   1,5    0,0   0,9  630,0   2,5    0,0   0,9  630,0   2,3
06022014   0,0   0,6  315,0   3,8    0,0   0,6  313,0   3,8    0,0   0,6  386,0   3,2    0,0   0,7  415,0   3,4    0,0   0,8  468,0   4,4    0,0   0,8  479,0   3,5    0,0   0,8  495,0   4,0    0,0   0,7  460,0   3,7    0,0   0,8  477,0   4,9    0,0   0,8  489,0   4,4    0,0   0,8  510,0   4,4    0,0   0,8  488,0   3,8    0,0   0,8  502,0   3,2    0,0   0,6  357,0   3,1    0,0   0,6  381,0   3,4    0,0   0,8  469,0   4,3    0,0   0,8  466,0   3,7    0,0   0,7  462,0   3,0    0,0   0,7  446,0   2,9    0,0   0,7  460,0   3,6    0,0   0,8  483,0   3,8    0,0   0,8  459,0   3,9    0,0   0,8  481,0   4,2
07022014   3,5   0,4  209,0   3,1    3,1   0,4  213,0   3,4    2,9   0,4  245,0   3,1    3,2   0,5  294,0   3,1    2,1   0,6  342,0   4,4    2,4   0,6  350,0   3,1    2,4   0,6  362,0   4,0    2,4   0,7  412,0   3,2    3,0   0,8  456,0   4,6    3,6   0,7  390,0   4,2    2,8   0,8  469,0   4,2    3,1   0,7  439,0   3,7    1,2   0,7  428,0   2,8    2,7   0,5  263,0   3,0    2,9   0,5  258,0   3,3    3,7   0,5  305,0   3,8    2,2   0,6  323,0   3,6    1,9   0,6  344,0   3,2    3,8   0,7  403,0   3,0    3,0   0,6  388,0   3,2    2,2   0,7  403,0   3,8    3,7   0,5  271,0   3,7    4,5   0,6  348,0   3,8
08022014   6,3   0,4  211,0   3,6    5,2   0,4  225,0   3,6    3,3   0,4  230,0   3,8    3,4   0,6  352,0   4,0    3,1   0,8  480,0   5,2    4,0   0,6  358,0   3,8    3,1   0,8  460,0   4,8    3,2   0,7  405,0   4,2    2,7   0,8  442,0   5,2    2,1   0,7  421,0   4,8    3,0   0,8  478,0   5,0    3,6   0,7  448,0   4,5    2,5   0,8  517,0   3,7    3,9   0,6  334,0   3,2    4,6   0,6  319,0   3,9    4,8   0,6  343,0   4,1    3,7   0,6  329,0   4,1    3,1   0,6  341,0   3,9    4,1   0,7  418,0   3,8    3,9   0,7  449,0   4,0    2,8   0,8  458,0   4,9    4,0   0,7  448,0   4,2    4,5   0,7  444,0   4,2


Erläuterungen:
Kenn = Stationskennung DWD
Dat = Datum der Vorhersage (TagMonatJahr)
potentielle Verdunstung, Turc/Wendling (mm)

DWD Abt. Agrarmeteorologie
